# Platform Info for every level
@ L1 START
Ground,1,165,165,0,110,110,7,1500,1200,0,0,0,-8,0,0,0,False
Platform,1,200,200,5,150,150,7,0,-5150,-25,0,0,-8,0,0,0,False
Platform,2,90,15,3,60,10,2,1200,1100,5,0,0,0,0,0,0,False
Platform,2,15,40,3,10,25,2,1025,1075,5,0,0,0,0,0,0,False
Platform,2,15,15,3,10,10,2,1025,925,10,0,0,0,0,0,0,False
Platform,2,20,40,3,14,27,2,1025,775,20,0,0,0,0,0,0,False
Platform,2,20,40,3,14,27,2,1025,625,20,0,0,0,0,0,0,False
Platform,2,15,15,3,10,10,2,1025,475,10,0,0,0,0,0,0,False
Platform,2,40,15,3,25,10,2,975,375,10,0,0,0,0,0,0,False
Platform,2,40,15,3,25,10,2,825,375,10,0,0,0,0,0,0,False
Platform,2,15,15,3,10,10,2,675,375,10,0,0,0,0,0,0,False
Ground,1,150,935,0,100,625,7,0,-1000,0,0,0,-10,0,0,0,False
Platform,2,15,15,3,10,10,2,750,425,30,0,0,0,0,0,0,False
Platform,2,15,15,3,10,10,2,710,525,40,0,0,0,0,0,0,False
Platform,2,15,15,3,10,10,2,670,625,50,0,0,0,0,0,0,False
Platform,2,15,15,3,10,10,2,630,725,60,0,0,0,0,0,0,False
Platform,2,15,15,3,10,10,2,590,825,70,0,0,0,0,0,0,False
Platform,2,15,15,3,10,10,2,550,925,80,0,0,0,0,0,0,False
Platform,2,15,15,3,10,10,2,510,1025,90,0,0,0,0,0,0,False
Platform,2,15,15,3,10,10,2,470,1125,100,0,0,0,0,0,0,False
Platform,2,15,15,3,10,10,2,430,1225,110,0,0,0,0,0,0,False
Platform,2,15,15,3,10,10,2,390,1325,120,0,0,0,0,0,0,False
# This next platform has heading and pitch
Platform,2,8,115,3,5,75,2,250,1200,60,0,0,0,-20,35,0,False
Platform,2,8,50,3,5,33,2,175,1025,35,0,0,0,0,0,0,False
Platform,2,20,40,3,14,27,2,170,850,30,0,0,0,0,0,0,False
Platform,2,15,15,3,10,10,2,98,700,13,0,0,0,0,0,0,False
Platform,2,10,10,3,7,7,2,98,575,13,0,0,0,0,0,0,False
Platform,2,9,9,3,6,6,2,98,465,13,0,0,0,0,0,0,False
Platform,2,7,7,3,5,5,2,98,350,13,0,0,0,0,0,0,False
Platform,2,20,40,3,14,27,2,98,200,5,0,0,0,0,0,0,False
Platform,2,9,9,3,6,6,2,98,150,5,0,0,0,0,0,0,False
Platform,2,9,9,3,6,6,2,98,35,5,0,0,0,0,0,0,False
@ L1 END
@ L2 START
Ground,2,165,165,0,110,110,7,1500,1200,1000,0,0,-8,0,0,0,False
Wall,3,165,50,1,110,30,7,1500,1350,1025,0,0,-8,0,90,0,False
Wall,3,165,50,1,110,30,7,1650,1200,1025,0,0,-8,90,-90,0,False
Wall,3,45,15,5,30,10,3,1590,1060,1015,0,0,0,90,-90,90,False
Wall,3,15,15,55,10,10,40,1650,1050,1025,0,0,0,0,0,0,False
Wall,3,15,15,55,10,10,40,1650,1206,1025,0,0,0,0,0,0,False
Wall,3,45,15,5,30,10,3,1353,1290,1015,0,0,0,0,-90,90,False
Wall,3,15,15,55,10,10,40,1344,1350,1025,0,0,0,0,0,0,False
Wall,3,15,15,55,10,10,40,1511,1350,1025,0,0,0,0,0,0,False
Platform,3,9,9,3,6,6,2,1282,986,1018,0,0,0,0,0,0,False
#Block Starts
Platform,2,30,30,150,19,19,100,1283,880,1178,0,0,0,0,0,0,False
Platform,3,8,15,3,5,10,2,1300,915,1038,0,0,0,0,0,0,False
Platform,3,15,8,3,10,5,2,1325,875,1078,0,0,0,0,0,0,False
Platform,3,12,8,3,8,5,2,1307,913,1200,0,0,0,0,0,0,False
Platform,3,15,8,3,10,5,2,1325,875,1237,0,0,0,0,0,0,False
Platform,3,27,8,3,18,5,2,1290,913,1152,0,0,0,0,0,35,False
#Block Ends
#Block Starts
Platform,2,30,30,150,19,19,100,1438,880,1178,0,0,0,0,0,0,False
Platform,3,15,8,3,10,5,2,1405,895,1058,0,0,0,0,0,0,False
Platform,3,35,8,3,23,5,2,1430,845,1098,0,0,0,0,0,0,False
Platform,3,8,21,3,5,15,2,1405,898,1117,0,0,0,0,0,0,False
Platform,3,15,8,3,10,5,2,1425,913,1117,0,0,0,0,0,0,False
Platform,3,28,21,3,19,15,2,1340,755,1247,0,0,0,0,0,0,False
Platform,3,8,25,3,5,17,2,1320,723,1261,0,0,0,0,-35,0,False
Platform,3,9,18,3,6,12,2,1322,686,1275,0,0,0,0,0,0,False
Platform,3,27,20,3,18,13,2,1355,680,1295,0,0,0,0,0,0,False
#Block Ends
#Block Starts
Platform,2,30,30,150,19,19,100,1353,725,1178,0,0,0,0,0,0,False
Platform,3,8,15,3,5,10,2,1335,760,1088,0,0,0,0,0,0,False
Platform,3,8,21,3,5,15,2,1315,898,1137,0,0,0,0,0,0,False
Platform,3,12,8,3,8,5,2,1257,913,1167,0,0,0,0,0,0,False
Platform,3,12,10,3,8,5,2,1400,875,1200,0,0,0,0,0,0,False
Platform,3,8,18,3,5,12,2,1405,865,1108,0,0,0,0,35,0,False
#Block Ends
Ground,1,165,165,10,110,110,7,1350,850,1315,0,0,0,0,0,0,False
Platform,3,100,37,3,67,25,2,1350,795,1322,0,0,0,0,0,0,False
Platform,3,37,200,3,25,132,2,1360,1025,1322,0,0,0,0,0,0,False
Platform,3,25,30,3,17,20,2,1425,730,1322,0,0,0,0,0,0,False
Platform,3,25,30,3,17,20,2,1275,730,1322,0,0,0,0,0,0,False
Platform,3,20,40,3,14,27,2,1350,1667,1322,0,0,0,0,0,0,False
#Long skinny platforms
Platform,1,12,460,4,7,307,2,630,1600,1422,0,0,0,90,0,0,False
Platform,1,12,460,4,7,307,2,630,1725,1422,0,0,0,90,0,0,False
#Moving Platforms
MovingPlat1,3,12,10,3,8,5,2,1425,1325,1322,0,0,0,0,0,0,True,1425,1325,1322,1300,1325,1322,5
MovingPlat2,3,12,10,3,8,5,2,1300,1439,1322,0,0,0,0,0,0,True,1300,1439,1322,1425,1439,1322,5
MovingPlat3,3,12,10,3,8,5,2,1300,1553,1322,0,0,0,0,0,0,True,1425,1553,1322,1300,1553,1322,8
MovingPlat4,3,15,15,3,10,10,2,1250,1667,1322,0,0,0,0,0,0,True,1250,1667,1322,1250,1667,1422,15
#Falling Platforms
FallPlat1,3,15,15,3,10,10,2,1150,1667,1422,0,0,0,0,0,0,True
FallPlat2,3,15,15,3,10,10,2,858,1667,1422,0,0,0,0,0,0,True
FallPlat3,3,15,15,3,10,10,2,566,1667,1422,0,0,0,0,0,0,True
FallPlat4,3,15,15,3,10,10,2,274,1667,1422,0,0,0,0,0,0,True
Ground,1,165,165,10,110,110,7,-90,1675,1422,0,0,0,0,0,0,False
Platform,3,27,15,3,18,10,2,-350,1693,1442,0,0,0,0,0,0,False
@ L2 END
