# Tree Positions
@ L1 START
L1036,801,25,45,0,0
L-50,-700,2,90,0,0
L-50,-600,2,15,0,0
L-50,-500,2,34,0,0
L-50,-400,2,23,0,0
L-50,-300,2,2,0,0
L30,-700,2,0,0,0
L30,-600,2,93,0,0
L30,-500,2,12,0,0
L30,-400,2,65,0,0
L30,-300,2,23,0,0
C1630,1137,0,56,0,0
C128,-994,0,87,0,0
C-81,-1697,0,23,0,0
C-89,-94,0,9,0,0
C151,-5250,-19,0,0,0
L86,225,8,0,0,0
@ L1 END
@ L2 START
L1603,1301,1000,45,0,0
L1455,875,1200,0,0,140
L1275,890,1040,0,0,-22
C1402,1104,1000,0,0,0
C1491,717,1325,0,0,0
L1229,815,1325,0,0,0
L1469,987,1310,-45,-60,10
L1337,1697,1325,-45,0,0
@ L2 END
